8.76403     8.20398e-16     0.798115     1.20524e-15     0.660995     0.841723     0.999999     0.689897     1     0.83271     0.790735     0.827428     0.898834     0.826932     0.857067     0.843408     0.719869     0.721577     0.90888     0.864118     1     0.844059     0.85975     0.934295     1     0.819051     0.8944     0.874665     0.999999     1     0.818571     0.829216     0.805841     0.833768     0.754753     0.887381     0.745228     1     0.999998     0.731697     0.803407     0.703237     0.793285     0.864385     1     1     0.779213     1     0.725597     0.692108     0.875332     0.999999     1     0.924925     0.852134     0.706785     0.616137     1     0.999999     1     0.793417     0.999999     1     0.698079     0.716333     0.824897     0.69569     0.871778     0.737385     1     0.903228     0.823277     1     0.999999     1     0.765566     0.800298     0.808448     0.78565     0.699005     0.86566     0.860931     0.850766     0.800557     0.881716     0.754784     0.844115     0.851776     0.878368     0.696905     0.909515     0.892483     0.713971     0.884895     0.999999     0.812201     0.792867     0.877227     0.999999     0.834392     
8.20398e-16     8.90136e-19     2.86927e-16     -9.87504e-20     -9.98311e-16     1.40212e-16     2.81931e-16     4.1327e-16     -4.47474e-16     8.035e-16     6.71121e-16     -8.28578e-16     -2.12796e-16     1.52204e-16     3.83465e-16     -8.60025e-16     4.07134e-16     4.27683e-16     9.91173e-16     1.6576e-16     2.29968e-16     1.81379e-16     -1.2501e-15     8.32671e-16     1.60123e-16     6.04658e-16     5.93572e-16     8.37453e-16     -3.56056e-16     1.40659e-15     -5.16346e-16     -9.72641e-16     6.11429e-16     2.61357e-16     8.01012e-16     -1.66038e-16     5.32666e-16     -1.03651e-16     -2.47272e-16     -2.40471e-16     -8.17684e-16     1.80668e-18     -9.74027e-16     -4.05212e-16     -1.75827e-15     8.02509e-16     -8.93293e-16     -4.69299e-16     -4.73604e-17     2.03581e-15     5.85893e-16     1.04657e-16     -1.30378e-15     8.253e-16     1.52595e-16     2.98751e-16     1.76458e-15     3.96098e-16     4.01744e-16     -5.08944e-16     -1.34576e-15     -1.04613e-16     -4.39331e-17     3.57783e-16     7.51414e-16     -4.77812e-16     3.9164e-16     -7.53059e-16     -5.95346e-16     1.75731e-16     9.60984e-16     -8.843e-16     4.45237e-16     1.98871e-16     3.18939e-16     -8.12684e-16     1.13817e-16     -7.95819e-16     -9.43195e-16     1.53621e-15     1.4048e-15     -1.24558e-16     9.14879e-16     5.53691e-17     1.73082e-16     -1.90962e-16     1.25571e-15     -1.38561e-17     -5.70443e-17     -1.26917e-16     -4.89281e-16     -8.50278e-16     2.54524e-16     7.19286e-16     3.88867e-16     6.3054e-16     -3.13884e-16     1.07352e-15     1.10544e-16     1.11071e-16     
0.798115     2.86927e-16     0.798115     -3.18493e-15     3.38063e-07     0.282625     6.30148e-09     -7.06574e-08     1.93259e-07     -7.49625e-08     0.180755     2.66677e-07     -2.16858e-07     1.23915e-07     3.83323e-07     1.63926e-07     0.10315     0.170642     0.201337     0.133969     -5.41217e-07     8.7598e-08     1.11052e-07     0.299167     8.92954e-08     0.244927     3.76167e-08     0.0214768     6.84723e-07     0.0897834     -4.96568e-07     -2.00324e-07     0.139092     4.07914e-07     0.215293     0.131314     -1.64408e-07     0.332807     0.174086     0.160453     0.220175     0.0578387     0.105981     -3.76944e-07     -4.911e-07     -5.05108e-07     1.23586e-07     -1.04256e-07     0.182493     -4.80537e-07     -5.59261e-07     0.000402344     -4.52885e-07     0.146742     0.279828     9.88868e-08     2.9876e-07     3.44004e-07     1.86055e-07     -2.58026e-07     0.0743553     -3.20419e-08     0.172979     -1.59931e-07     -3.2401e-07     5.06248e-07     -2.53846e-08     0.206313     0.127118     0.31528     1.84158e-07     0.310817     0.205626     3.81102e-07     -6.76707e-07     0.137089     5.61668e-07     -5.01964e-07     3.47312e-07     -1.52063e-07     0.126868     -1.92453e-08     0.145534     1.13969e-07     0.0512345     0.256469     -5.21172e-08     0.0209128     0.0663493     5.35389e-08     2.64011e-07     0.116527     9.86862e-09     0.128379     0.0937731     1.81046e-07     0.141178     -2.03683e-07     0.250161     -0.0112098     
1.20524e-15     -9.87504e-20     -3.18493e-15     1.09552e-20     1.88836e-15     -2.49317e-15     -5.03373e-17     3.78857e-16     4.75119e-17     3.45572e-15     -2.61491e-16     6.64347e-16     -6.81079e-16     -1.38548e-15     1.90715e-17     1.70815e-15     2.36197e-15     -1.19384e-15     -9.82625e-17     1.53414e-15     -5.57724e-17     1.40534e-16     -5.27618e-17     6.12014e-16     1.0087e-17     -8.06658e-17     -6.03837e-16     1.05493e-15     1.95214e-17     -1.73178e-16     5.76143e-17     -6.02684e-16     -9.70755e-16     -2.22415e-15     2.4595e-15     -1.49105e-17     -1.34014e-15     1.43091e-17     -8.76347e-18     -9.9747e-16     3.80921e-16     -1.25906e-15     -8.10375e-16     -1.75954e-17     1.85662e-16     -9.52008e-17     8.20854e-17     9.22485e-17     -4.00439e-16     6.03708e-17     1.39558e-16     -3.09487e-17     1.31014e-16     -2.22272e-15     1.5696e-15     1.31883e-15     1.42177e-15     -2.77779e-17     -6.45592e-17     5.94189e-17     -3.042e-17     3.87123e-18     -1.72716e-17     -6.85724e-16     3.7682e-15     2.92655e-15     1.97199e-15     -7.12713e-16     5.00805e-15     -4.24055e-17     -2.0766e-16     6.11739e-17     -6.94501e-17     -3.27815e-17     -9.05465e-17     2.86241e-15     2.8839e-17     3.74706e-15     1.60893e-15     -1.33291e-15     8.39916e-17     5.8493e-17     -1.45493e-15     -1.04248e-15     -2.32249e-15     -7.7354e-16     1.7931e-15     1.63154e-15     -5.56778e-17     -1.15558e-15     1.47977e-16     3.89348e-16     -2.14259e-16     -1.20388e-15     -1.75968e-17     1.48616e-16     -2.52267e-15     -1.21102e-15     -1.71256e-17     -5.95091e-16     
0.660995     -9.98311e-16     3.38063e-07     1.88836e-15     0.660996     0.106302     2.95119e-08     0.100458     0.219516     2.0178e-07     -2.21668e-09     4.58696e-07     0.167125     0.0712146     -1.09047e-07     0.160574     0.0649285     -0.0158339     0.022014     0.13141     2.05349e-07     2.36286e-07     0.0662045     0.124156     0.116551     0.108048     0.0667672     0.162671     3.17164e-07     0.0386761     0.0958929     0.120481     0.103443     0.14624     0.134974     -4.14878e-08     2.08216e-07     0.115     -2.6614e-08     -7.09471e-08     -6.85674e-08     0.00298211     1.70972e-07     -1.58901e-07     0.0253242     1.75493e-07     0.0256261     0.295794     0.0996318     0.115571     0.286423     0.0425747     -7.53664e-08     -0.0242786     0.203346     0.197514     -2.80466e-08     3.75648e-07     0.177536     0.210379     0.0672371     0.202266     0.25792     -7.63684e-08     0.139218     0.0475837     6.3998e-08     -0.0020663     0.0730484     0.0494907     0.304847     -9.36247e-08     -5.5429e-08     -4.82363e-08     -3.62849e-07     0.09027     0.0210595     0.162193     1.4134e-07     0.105992     0.0359284     -6.84927e-08     0.0611125     3.70052e-07     0.0817155     -2.25841e-07     9.40696e-09     9.84554e-08     -0.0170569     2.22321e-07     8.21031e-08     0.0529164     -0.0179881     -0.0496057     0.0502578     0.054339     0.0105095     -1.19633e-07     0.077236     -3.27673e-07     
0.841723     1.40212e-16     0.282625     -2.49317e-15     0.106302     0.841724     8.68389e-08     0.0700769     7.13704e-08     -1.04263e-07     1.35082e-07     -0.0809183     -1.514e-08     -2.21008e-07     0.165585     0.156055     0.217335     0.200398     0.251481     3.05362e-07     0.13063     0.174923     -1.55792e-07     0.183377     0.133741     0.0874321     5.54478e-07     1.33286e-07     0.28941     1.18137e-07     -1.18888e-07     0.189578     -6.48661e-08     0.10884     -2.89867e-07     0.174277     0.0279784     0.366484     8.00332e-07     1.69135e-07     0.233924     1.84744e-07     0.185123     -1.26752e-07     -9.55369e-08     0.0957674     1.18646e-07     0.106155     0.174755     0.0679522     0.0868391     3.24312e-07     -6.04393e-08     0.0411428     0.183173     0.16618     0.18003     -7.85732e-08     5.05814e-07     0.0220686     -2.84454e-07     0.139516     0.201439     0.0768943     -2.06574e-08     -1.46637e-07     -1.27427e-07     0.181471     4.46447e-07     0.313137     -2.70394e-07     0.109133     0.163124     9.63074e-08     0.240218     0.187544     0.0614271     -5.16173e-08     3.27357e-07     7.3777e-07     -5.37063e-07     3.00869e-08     0.276172     -1.58589e-07     0.187167     6.83865e-08     3.72615e-07     0.0426864     0.0799109     -4.59475e-08     -5.35229e-08     3.56706e-07     -1.0815e-07     -3.63211e-07     4.5054e-07     8.45242e-08     0.084713     3.69916e-07     0.265049     0.0594415     
0.999999     2.81931e-16     6.30148e-09     -5.03373e-17     2.95119e-08     8.68389e-08     1     1.44342e-07     0.100797     0.2121     7.269e-07     0.0883354     3.36452e-07     0.295812     0.111317     0.123574     3.81607e-07     -2.78057e-08     0.180123     0.0807868     -9.76171e-08     2.4698e-07     1.21023e-07     1.02695e-07     0.261404     -1.77586e-08     3.01574e-07     0.30112     0.230742     1.62356e-07     0.254417     -8.63255e-08     0.0405885     9.30152e-07     0.098826     0.302934     4.64835e-07     -7.44149e-08     0.241403     7.24844e-08     6.76156e-09     5.80044e-07     -1.15961e-07     7.50629e-08     0.135362     0.200654     -0.0437562     2.44905e-07     0.20369     -2.04738e-07     -3.29556e-07     1.76901e-07     9.87405e-08     0.192935     2.86854e-07     9.2955e-07     0.0811956     0.206269     -1.01704e-07     0.175888     -3.7387e-07     0.260677     0.202253     0.0756705     2.71659e-07     6.64389e-07     3.05199e-08     0.306163     0.235302     0.0574455     -1.07633e-07     4.53917e-07     0.00142371     7.61759e-07     -1.20521e-07     0.258025     4.0191e-07     0.242239     0.05418     6.61777e-07     -2.65118e-07     0.254421     4.1998e-07     0.211435     0.204729     2.18149e-07     0.0672603     0.197585     -1.594e-07     0.125546     2.83892e-08     1.04408e-06     0.06264     -2.21777e-07     0.262673     -8.69933e-08     0.183496     0.369299     6.63632e-07     0.250139     
0.689897     4.1327e-16     -7.06574e-08     3.78857e-16     0.100458     0.0700769     1.44342e-07     0.689898     0.158291     0.15648     0.250037     0.266434     0.206394     -0.00122248     1.63231e-07     -6.16312e-08     9.81984e-09     0.0338528     0.122403     0.162488     3.54452e-07     0.122506     8.14244e-08     0.132759     9.90241e-08     3.1842e-08     0.0562377     3.11748e-07     1.37167e-07     2.29614e-08     0.18426     1.27766e-07     0.210905     -2.72879e-07     -1.29525e-07     0.256558     -1.22701e-07     1.51925e-07     3.88915e-07     0.084879     0.0716393     2.0258e-07     0.119131     -2.23315e-07     -1.16285e-07     1.41291e-08     0.0789152     1.64225e-07     0.124255     0.216437     -3.8045e-08     0.169036     0.116622     -1.32855e-07     0.160031     0.23648     0.0073876     0.166309     1.46261e-07     0.0583621     0.244696     0.0979403     3.0136e-08     0.102782     1.41215e-07     -1.52589e-07     -0.00488495     3.17282e-08     0.1528     0.0963399     0.209655     3.51839e-07     0.0601654     0.08391     0.0431944     -1.74e-07     0.114345     8.76837e-08     9.28423e-08     1.62252e-07     -0.0414382     2.66339e-08     2.71035e-07     8.74879e-08     -1.48273e-07     2.7808e-07     1.2435e-07     -1.48487e-07     0.101548     0.0392733     2.88427e-07     0.0613836     -3.78203e-08     -1.70811e-07     0.0235682     0.149953     1.5475e-08     0.160583     2.91762e-08     -5.66312e-08     
1     -4.47474e-16     1.93259e-07     4.75119e-17     0.219516     7.13704e-08     0.100797     0.158291     1     -1.26642e-07     0.334075     8.63921e-08     0.219419     2.88895e-07     7.5579e-07     0.158334     0.029519     0.0387514     -6.48389e-07     4.13326e-07     0.2353     0.327384     0.117605     0.119835     -3.49384e-07     -1.19426e-07     6.56641e-07     0.226805     3.94363e-07     2.34014e-08     -2.26156e-07     0.245085     0.18004     5.40466e-07     0.12205     -5.58002e-07     -5.57332e-07     0.211122     6.98394e-07     0.223298     6.86617e-07     0.314048     -6.68656e-07     -1.074e-07     -3.62139e-07     0.31762     2.19088e-07     0.183454     4.77244e-07     0.170972     0.200945     0.273783     1.37782e-07     1.15403e-07     -5.90418e-07     4.80217e-07     7.41308e-07     8.38574e-08     6.70742e-07     -7.20206e-07     -1.51272e-07     0.225309     0.137023     0.15682     -1.55788e-07     8.67367e-08     -6.95201e-07     2.17271e-07     0.174986     9.55303e-08     0.347048     -2.31886e-07     0.172321     0.317915     -2.76935e-07     -2.2526e-07     7.72734e-07     -3.21047e-07     9.00992e-07     0.141654     -8.34357e-07     0.262565     -3.98067e-07     -6.93298e-08     0.180961     3.37647e-07     7.33664e-09     0.297594     0.147607     -4.11519e-07     0.230955     -5.70325e-08     -2.49409e-07     0.286818     6.26293e-07     -5.61586e-08     -4.66419e-07     4.29887e-07     4.37422e-07     -3.66808e-07     
0.83271     8.035e-16     -7.49625e-08     3.45572e-15     2.0178e-07     -1.04263e-07     0.2121     0.15648     -1.26642e-07     0.832709     0.239411     -7.9702e-09     -0.031221     0.266591     0.0715169     -5.75866e-08     0.148146     0.092112     0.248906     -1.39601e-07     -7.85596e-07     3.18103e-07     0.136961     0.0558237     -4.57108e-08     -2.82009e-08     0.0449179     0.0755558     -6.62651e-08     6.50043e-08     0.213432     -1.10521e-07     -1.84e-07     0.258134     -2.77987e-07     0.181473     1.3493e-07     0.100658     0.224888     -4.29596e-08     0.246454     1.71465e-07     0.0823081     -0.0137903     0.235041     -4.13353e-07     0.1664     -2.33665e-07     -3.94764e-09     -2.73986e-07     -2.97884e-07     0.160687     -4.56505e-07     0.0522088     0.0620391     -1.65997e-07     0.0981736     1.86889e-07     0.208442     -3.25274e-07     -4.31015e-07     -4.11745e-08     -2.19579e-07     0.177775     0.166299     0.0441149     0.168196     -5.87897e-08     0.0282471     0.210316     0.148097     -3.40391e-07     -9.35365e-08     -2.6721e-07     -3.93033e-07     0.0831908     0.20858     0.371162     1.93776e-07     0.0874507     -5.64203e-07     0.142045     -1.30697e-07     4.33041e-08     -1.85016e-07     0.0522506     0.182615     2.21572e-07     0.11651     -7.45768e-08     0.229341     0.0751067     -2.06415e-07     0.0541294     0.027453     0.0298631     0.171205     -1.19884e-07     0.163269     0.166952     
0.790735     6.71121e-16     0.180755     -2.61491e-16     -2.21668e-09     1.35082e-07     7.269e-07     0.250037     0.334075     0.239411     0.790737     0.0807217     2.5824e-07     -2.00834e-07     -1.30118e-07     0.0805151     5.82486e-07     0.132363     0.12138     3.73082e-09     5.45583e-07     0.230838     7.65447e-08     0.273171     -1.50588e-07     0.0638801     -0.0568195     0.064049     -0.00358922     1.72932e-07     3.93341e-08     1.58738e-07     0.132605     5.98816e-07     -2.22888e-07     1.52461e-07     0.0920804     0.316447     0.271689     0.110906     0.259323     1.42906e-07     1.21513e-07     -1.39854e-07     0.159555     -8.15901e-08     0.0898279     1.07493e-07     8.02643e-08     0.183304     0.107855     0.205429     1.70456e-07     0.147052     3.07829e-07     0.131026     -2.40433e-07     0.193861     -0.0352489     0.0427745     0.151331     0.163152     7.05868e-08     0.214261     3.27715e-07     4.14957e-07     0.117378     1.09442e-07     1.27652e-07     0.123825     0.0532548     0.289051     0.130862     6.6987e-07     -1.43757e-07     3.61589e-07     2.59905e-07     0.0732189     -1.06467e-07     8.23628e-07     -9.47052e-08     0.217222     3.47747e-07     -0.00281656     -2.45084e-09     2.28282e-07     1.44088e-07     1.21199e-07     -0.0251463     2.38117e-07     0.177068     4.79248e-07     0.138497     0.15166     0.173793     0.0466746     0.136684     2.17138e-07     2.06167e-07     -1.70834e-07     
0.827428     -8.28578e-16     2.66677e-07     6.64347e-16     4.58696e-07     -0.0809183     0.0883354     0.266434     8.63921e-08     -7.9702e-09     0.0807217     0.827428     -0.0441759     -1.80767e-07     0.031321     -5.00345e-08     -2.45871e-09     -3.92754e-07     0.177064     0.307888     -1.33141e-07     3.76714e-07     0.117908     0.0533457     -8.27064e-08     -7.58131e-08     2.60967e-07     0.165557     3.00588e-07     0.215348     0.482999     0.0622738     0.0938785     1.76927e-09     0.0732611     0.165496     1.92099e-07     -1.33731e-08     0.268439     0.0750507     -1.59911e-07     -3.59304e-08     3.4801e-08     0.190846     0.107518     -1.94722e-07     8.6007e-08     -7.28921e-08     0.0931571     0.172737     -5.01544e-07     0.0645771     -4.66928e-07     -3.17759e-08     0.247444     0.111854     -8.39232e-08     -7.20348e-08     3.2254e-07     3.17669e-07     0.335871     -1.40808e-07     -1.60711e-07     0.119178     0.0529337     0.178984     1.36485e-07     1.01334e-07     5.53212e-08     1.85562e-07     -1.83615e-07     0.0855008     0.267077     0.112773     0.31787     0.137251     0.34778     -3.00828e-07     0.180229     0.188507     0.163876     2.25511e-07     3.28211e-08     -1.47977e-08     1.20084e-07     0.0910437     6.68368e-07     2.08461e-07     -1.59842e-07     0.142485     2.56024e-07     0.172198     0.118023     0.130025     0.15236     -0.00865576     -1.59849e-07     -2.73076e-09     0.0738827     0.113907     
0.898834     -2.12796e-16     -2.16858e-07     -6.81079e-16     0.167125     -1.514e-08     3.36452e-07     0.206394     0.219419     -0.031221     2.5824e-07     -0.0441759     0.898833     -1.67767e-07     0.109282     -1.07903e-07     0.0959342     -5.54286e-07     0.0619915     0.171562     0.190843     0.135107     0.0810345     0.190052     0.16458     0.188901     0.155016     -1.13046e-07     0.295863     0.118621     -5.30872e-07     0.0912682     0.245122     3.66054e-07     -2.6835e-07     0.237432     0.241257     0.0476728     1.0961e-08     0.232799     0.111974     0.146352     0.11887     -3.84883e-07     -3.20663e-07     -5.76915e-07     0.113001     0.168787     -1.30147e-08     -4.01191e-07     0.152593     0.138136     0.359115     0.0251123     0.0388314     6.84221e-08     1.55243e-08     0.202978     0.0584179     -1.11452e-07     -1.08215e-07     0.166334     0.184292     -2.56622e-07     8.55737e-08     2.09124e-07     -2.82431e-07     0.144518     -6.45473e-08     0.179339     0.34791     -0.0491533     -7.96264e-08     3.43136e-07     -4.50486e-07     -2.38915e-08     5.09952e-07     -4.95238e-07     0.0829045     1.85619e-07     0.233149     1.55432e-07     2.22585e-07     -1.82902e-07     -1.74122e-07     0.135913     0.188062     -1.7894e-10     0.129549     0.0992379     0.133519     0.170843     0.0516934     -4.88491e-07     -8.90903e-08     8.23087e-08     -3.2588e-07     0.149347     1.0043e-07     -2.15692e-07     
0.826932     1.52204e-16     1.23915e-07     -1.38548e-15     0.0712146     -2.21008e-07     0.295812     -0.00122248     2.88895e-07     0.266591     -2.00834e-07     -1.80767e-07     -1.67767e-07     0.826932     0.105656     0.0897182     1.17089e-07     -5.18187e-07     -6.80559e-07     3.41218e-07     -2.17245e-07     0.102076     -1.23774e-08     -4.66171e-09     0.12863     0.232782     8.8008e-08     8.3805e-09     0.148148     1.26392e-09     0.190883     0.117922     1.84644e-08     0.164009     -0.00630762     0.104741     7.30255e-08     -0.0258006     4.39344e-07     1.0315e-08     1.62281e-08     0.107079     0.139314     -7.49981e-08     0.177631     0.117899     0.152222     0.198712     0.18484     0.0415976     -1.57959e-07     0.157314     0.147752     0.234551     0.209498     -5.66131e-08     3.92291e-07     0.155638     0.114928     0.0527928     -3.60922e-07     -2.2605e-08     -1.63272e-07     1.02629e-07     0.296809     -1.33118e-07     -2.94717e-07     0.215264     -3.62346e-07     3.35534e-07     -5.57743e-07     -2.55605e-07     0.0919774     0.23292     -1.02676e-07     0.175514     4.41018e-07     0.251382     1.04097e-07     0.110535     -7.88691e-07     0.198567     4.40607e-07     -3.40109e-07     -1.67107e-07     -7.0219e-08     0.306277     1.08015e-07     -8.91972e-08     -2.36992e-07     0.139138     -4.2999e-08     -2.00537e-07     -5.15391e-07     0.284766     4.22625e-08     0.198137     2.63647e-07     -5.59544e-08     0.23051     
0.857067     3.83465e-16     3.83323e-07     1.90715e-17     -1.09047e-07     0.165585     0.111317     1.63231e-07     7.5579e-07     0.0715169     -1.30118e-07     0.031321     0.109282     0.105656     0.85707     -3.98416e-08     -2.55062e-08     -1.3081e-07     8.27605e-08     0.146095     0.195315     0.203811     0.0912812     0.106661     1.46397e-07     0.0576629     0.177162     1.89925e-07     5.02223e-07     0.0179548     4.59678e-07     3.67183e-07     6.09859e-07     0.213973     1.20368e-07     0.0601647     0.112262     0.0496972     2.1489e-07     3.79729e-07     4.28414e-08     1.42267e-08     0.200761     0.188056     2.9976e-07     0.305808     3.47534e-07     0.113219     4.38013e-07     -0.00503598     0.135785     8.17704e-08     0.0353942     2.07425e-07     -9.70582e-08     5.05087e-07     3.9291e-07     0.0460237     4.69141e-07     5.53793e-07     0.191031     3.89568e-07     0.0606582     0.172498     0.253579     3.2311e-07     -0.00408847     0.0840186     0.0283167     0.294402     0.0303633     6.36198e-07     0.185747     0.203029     3.54456e-08     -1.28714e-08     4.30935e-07     0.197219     1.26741e-07     -1.32515e-07     0.0778767     2.97036e-07     0.208072     0.192425     0.174799     3.07669e-07     6.75484e-07     0.0340443     0.203762     0.321163     2.90949e-07     0.290362     0.107789     0.0351794     0.165482     0.15419     0.181545     1.97958e-07     4.30002e-07     0.223263     
0.843408     -8.60025e-16     1.63926e-07     1.70815e-15     0.160574     0.156055     0.123574     -6.16312e-08     0.158334     -5.75866e-08     0.0805151     -5.00345e-08     -1.07903e-07     0.0897182     -3.98416e-08     0.843407     -2.18395e-09     -3.53407e-07     -1.99969e-07     0.0492282     0.133742     0.123981     1.17819e-08     0.124545     0.128954     0.0832285     2.4001e-09     0.196418     -7.71725e-08     0.127311     -1.0199e-07     0.0827341     -1.55494e-07     0.135039     -2.2756e-07     -5.13047e-08     -5.3541e-08     0.114996     4.10769e-08     0.0971869     0.0510439     0.143238     0.131507     0.101334     0.181724     -4.9705e-08     0.0968184     0.204115     0.0827642     0.166975     0.0449117     0.00554431     -9.26198e-08     -1.49553e-07     0.0489277     0.265433     0.127515     0.278185     0.138019     0.204998     0.153774     0.273371     0.164833     -3.72247e-08     -6.41893e-08     0.195968     -1.11211e-07     0.0361942     0.106355     0.0866015     -2.59077e-07     -1.98426e-07     0.234284     -1.69888e-07     0.19212     -3.98587e-07     5.86112e-09     0.161465     0.0341556     0.156693     -2.9124e-07     0.242494     0.131048     0.122373     0.18268     0.167336     0.0349262     0.117825     0.215861     -1.49503e-07     0.137372     -1.94726e-07     0.0717494     -3.40209e-07     3.96164e-08     -0.00126518     -3.11247e-07     0.159089     -2.29075e-07     -1.45901e-08     
0.719869     4.07134e-16     0.10315     2.36197e-15     0.0649285     0.217335     3.81607e-07     9.81984e-09     0.029519     0.148146     5.82486e-07     -2.45871e-09     0.0959342     1.17089e-07     -2.55062e-08     -2.18395e-09     0.719871     0.175238     0.0659004     0.163247     1.89864e-07     7.74392e-08     3.4309e-07     4.62979e-07     0.163188     2.43676e-07     2.58722e-07     3.32846e-07     0.117902     0.072457     9.29868e-08     2.28854e-07     4.47315e-07     7.62465e-07     1.03011e-07     4.02624e-07     0.151343     1.26329e-07     0.0985819     2.34874e-07     0.226622     0.144613     1.55219e-07     9.40707e-08     2.12517e-07     1.06104e-07     0.114999     0.242248     0.145519     -1.07441e-07     0.181798     0.240777     2.16004e-07     6.43626e-08     0.212781     3.78627e-07     0.201154     0.164349     0.159701     0.130553     1.63964e-07     2.28111e-07     8.80594e-08     0.153721     0.0834367     4.15871e-07     -1.03343e-08     4.17237e-07     0.172608     0.106866     0.223367     0.183773     -0.0579357     6.9233e-07     0.213438     0.00404319     0.209124     0.102729     0.0514912     5.00199e-07     0.222665     2.78933e-07     1.16084e-07     -0.0382073     0.253892     2.1462e-07     0.17342     2.81116e-07     0.210676     1.65243e-07     0.193823     5.91736e-07     0.0378147     0.067563     2.18428e-07     2.09943e-07     -1.50022e-07     7.95694e-08     0.18636     0.151267     
0.721577     4.27683e-16     0.170642     -1.19384e-15     -0.0158339     0.200398     -2.78057e-08     0.0338528     0.0387514     0.092112     0.132363     -3.92754e-07     -5.54286e-07     -5.18187e-07     -1.3081e-07     -3.53407e-07     0.175238     0.721575     -4.72006e-07     1.17797e-07     0.203438     0.102469     8.39295e-08     -6.86258e-08     0.163435     -1.84561e-07     0.0687579     -7.80143e-08     0.199658     0.113661     -2.74531e-07     -5.35151e-08     -1.41299e-07     3.65713e-09     0.122038     0.0689727     0.200297     0.213988     0.0971895     0.229659     0.241189     -7.63355e-08     0.0812315     0.141299     0.0373986     -5.87443e-07     -2.48903e-07     0.0792064     -6.15044e-08     -3.12773e-07     0.121985     0.0405224     -1.12612e-07     0.240056     0.21209     0.216616     0.10311     0.0511561     0.0444385     -3.51092e-07     -3.79981e-07     -4.13315e-07     -2.26685e-07     -3.53206e-07     -1.65224e-07     -3.05844e-07     -4.99967e-07     1.06549e-07     -4.932e-07     -2.17948e-07     -4.87975e-07     0.055565     0.271491     -1.51058e-07     -8.0734e-08     -3.59461e-07     0.209018     -1.65378e-07     0.0477142     -0.0261473     0.137707     0.145405     0.165994     -2.70226e-07     0.0363338     0.0926186     0.305636     0.261884     -1.90275e-07     0.0586692     -2.81175e-07     -1.32323e-07     -8.32266e-08     -6.06443e-07     -1.93095e-07     0.200644     -5.30076e-07     0.0440935     -4.19931e-07     -7.8797e-08     
0.90888     9.91173e-16     0.201337     -9.82625e-17     0.022014     0.251481     0.180123     0.122403     -6.48389e-07     0.248906     0.12138     0.177064     0.0619915     -6.80559e-07     8.27605e-08     -1.99969e-07     0.0659004     -4.72006e-07     0.908878     0.0860892     9.70133e-08     1.14011e-07     -2.26716e-07     0.316497     -0.102112     0.104025     0.188695     0.141048     0.345339     -7.8218e-08     0.298947     4.19089e-08     -2.57989e-07     5.3547e-10     0.319885     0.273664     -1.79771e-08     0.221618     0.340559     -3.24465e-08     0.167473     1.10989e-07     -6.39094e-07     0.0512271     0.275749     2.3183e-08     4.05101e-08     -6.65246e-08     2.14291e-07     0.0347109     0.0916849     0.224803     0.138037     -1.36036e-07     -4.83713e-08     -2.9973e-07     6.40711e-08     -1.68871e-07     0.0959603     -1.76143e-07     -5.49456e-07     -3.34447e-08     0.322428     0.145355     0.101763     -3.72891e-07     -6.18749e-07     0.188064     -2.11984e-07     0.346348     -6.47926e-07     -2.5934e-07     -2.74996e-07     0.137569     0.164237     -5.39504e-07     0.205939     -0.0119178     -2.57383e-07     0.0203171     -9.31818e-07     -2.50423e-07     0.2555     -6.33428e-07     -1.7752e-07     0.160668     9.38312e-09     0.0876476     0.103882     -3.78211e-07     -1.0379e-07     -1.12163e-07     -2.50647e-07     -4.01051e-07     -7.90427e-08     0.10828     0.166865     1.13231e-08     0.315326     -4.71636e-07     
0.864118     1.6576e-16     0.133969     1.53414e-15     0.13141     3.05362e-07     0.0807868     0.162488     4.13326e-07     -1.39601e-07     3.73082e-09     0.307888     0.171562     3.41218e-07     0.146095     0.0492282     0.163247     1.17797e-07     0.0860892     0.864119     -1.4909e-07     3.11637e-07     0.21249     7.14881e-08     -2.64835e-07     1.78376e-08     0.195617     0.160371     4.19934e-08     0.227959     0.279584     -0.0148464     0.103068     2.94938e-07     -0.0389081     0.346142     7.45035e-08     0.0693948     5.44223e-07     -3.9497e-08     0.179807     0.122841     -1.81689e-07     0.0343642     -7.86946e-08     -3.02285e-07     0.163285     -1.63358e-07     2.14355e-07     0.138127     -0.0317984     5.98891e-08     0.148032     -0.0180131     0.311289     0.113411     0.0518994     0.206869     4.82214e-07     -3.26809e-07     0.264486     0.104793     -9.98326e-08     0.0497276     0.00390002     1.73585e-07     3.2514e-09     -7.23673e-08     0.18786     1.69326e-07     6.80149e-08     0.156128     -6.49681e-08     2.4739e-07     0.224345     0.114912     3.02574e-07     1.00426e-07     7.96494e-07     0.121381     0.189744     0.120284     2.26605e-07     0.183074     0.11745     -3.72706e-09     0.130434     6.28858e-08     0.119867     -1.48912e-08     0.169402     0.168417     -6.65678e-08     0.150553     3.54079e-07     8.46018e-08     0.143465     5.67422e-07     0.270705     -1.67273e-07     
1     2.29968e-16     -5.41217e-07     -5.57724e-17     2.05349e-07     0.13063     -9.76171e-08     3.54452e-07     0.2353     -7.85596e-07     5.45583e-07     -1.33141e-07     0.190843     -2.17245e-07     0.195315     0.133742     1.89864e-07     0.203438     9.70133e-08     -1.4909e-07     1     0.426324     3.11023e-07     -3.05994e-07     0.248292     1.19323e-07     0.0948207     0.0346847     1.67532e-07     0.288034     -4.05259e-07     -2.28577e-07     0.265131     0.201615     0.0643001     2.36741e-07     -1.97425e-07     -3.46544e-07     1.30217e-07     0.325631     -2.99715e-07     0.10064     0.111822     0.332521     0.16545     -2.34041e-07     0.179557     4.31044e-08     1.39035e-08     -5.73598e-07     -5.30884e-07     0.0081464     -7.52843e-07     0.122074     0.0856339     0.0917391     0.243607     -1.58546e-08     0.0618374     -5.70397e-07     -5.62878e-07     -2.6611e-07     -4.47769e-08     0.198759     -1.28128e-07     0.167253     0.188227     0.11073     1.1699e-07     0.0373743     0.280664     4.52975e-07     0.40629     -4.9939e-08     -4.01042e-07     5.24542e-08     0.122477     -7.94546e-08     0.256389     7.61384e-07     -4.85175e-07     0.213096     -2.71471e-08     7.12058e-10     -1.61186e-07     5.87407e-07     4.03257e-07     0.230749     0.144483     0.231168     2.41892e-07     0.251195     0.180321     0.116023     0.0599751     0.101735     0.161287     -3.59782e-08     0.0910463     0.168274     
0.844059     1.81379e-16     8.7598e-08     1.40534e-16     2.36286e-07     0.174923     2.4698e-07     0.122506     0.327384     3.18103e-07     0.230838     3.76714e-07     0.135107     0.102076     0.203811     0.123981     7.74392e-08     0.102469     1.14011e-07     3.11637e-07     0.426324     0.844061     4.35961e-07     2.64339e-07     0.156947     0.220699     1.42629e-07     0.155621     -1.26543e-07     0.0732384     -5.16911e-08     0.0651945     0.287314     0.146171     -1.6981e-07     -4.04957e-08     5.34796e-07     0.143668     3.34859e-07     0.130288     6.08706e-08     4.81618e-07     -6.01816e-08     3.30823e-09     -1.19324e-07     -1.88736e-07     1.70116e-07     0.154457     4.17745e-07     0.136337     0.145691     0.0458261     0.162467     0.144277     2.68619e-07     0.149105     0.242747     2.28128e-07     2.75216e-07     1.34079e-07     -1.13066e-07     4.49558e-07     0.120785     0.217157     0.0953005     0.167316     0.159101     0.104237     0.174298     3.58023e-07     -1.81267e-08     -1.24168e-07     0.191374     1.54451e-07     -2.15885e-07     0.0111948     -0.0472015     -2.52603e-08     8.59998e-07     0.108019     0.0882617     0.197327     6.38278e-07     0.0831806     1.06897e-07     2.67255e-08     2.10133e-07     4.4456e-07     0.00488169     0.186233     0.138245     3.75754e-07     0.0921829     0.109402     3.62872e-07     0.00476705     0.20284     2.21312e-07     2.09964e-07     0.162141     
0.85975     -1.2501e-15     1.11052e-07     -5.27618e-17     0.0662045     -1.55792e-07     1.21023e-07     8.14244e-08     0.117605     0.136961     7.65447e-08     0.117908     0.0810345     -1.23774e-08     0.0912812     1.17819e-08     3.4309e-07     8.39295e-08     -2.26716e-07     0.21249     3.11023e-07     4.35961e-07     0.859751     2.37994e-08     -1.54728e-07     0.117601     0.253459     -4.99233e-08     0.0248425     0.300109     2.48116e-07     0.265133     1.8241e-08     0.161252     -2.12381e-07     2.17587e-08     3.28105e-07     0.298259     2.8339e-07     0.0760273     0.0676683     2.24732e-07     -1.31509e-07     -3.20807e-07     0.135286     0.276549     0.214819     -1.21357e-08     8.56418e-08     0.0351407     -3.30804e-08     0.244204     0.150946     -6.28211e-08     1.35379e-07     0.126182     -0.115593     1.63571e-07     0.229576     0.168102     0.16928     2.22387e-07     1.69889e-07     4.60639e-08     1.16074e-07     0.129295     0.242819     -0.00707574     9.36395e-08     3.84966e-07     -1.238e-07     -6.94665e-08     0.221968     0.122094     0.207186     0.234152     1.85012e-07     0.167596     3.60324e-07     4.24419e-07     -4.6146e-07     -2.14154e-07     4.61501e-07     0.109115     -7.2723e-08     1.65319e-07     0.126522     3.61118e-07     0.142852     0.0595536     0.220032     0.195202     -1.49024e-07     0.170222     4.73685e-07     0.111846     0.22017     0.152479     0.290136     -1.21362e-07     
0.934295     8.32671e-16     0.299167     6.12014e-16     0.124156     0.183377     1.02695e-07     0.132759     0.119835     0.0558237     0.273171     0.0533457     0.190052     -4.66171e-09     0.106661     0.124545     4.62979e-07     -6.86258e-08     0.316497     7.14881e-08     -3.05994e-07     2.64339e-07     2.37994e-08     0.934295     0.0776384     0.207177     2.69944e-07     9.27564e-08     0.116481     -8.81441e-08     1.66937e-07     9.38204e-08     8.99288e-08     4.15858e-07     0.239407     8.47066e-08     0.0412053     0.274158     -9.57423e-09     0.209297     0.181498     0.115713     0.159731     9.05746e-08     0.0889506     0.137542     0.12629     9.59095e-09     4.19237e-08     0.105427     0.108685     0.245007     0.28957     -1.35863e-08     0.0624785     3.44744e-07     2.40765e-07     0.00761408     0.156203     0.200948     -2.16142e-07     1.87849e-07     0.110328     -6.00225e-08     -2.71767e-07     3.33679e-07     0.15702     3.57571e-07     -1.93292e-07     0.204184     0.0834966     0.290931     0.192409     2.21465e-07     -1.70213e-07     0.0996088     0.118869     0.00200735     0.197897     0.183358     -1.32803e-07     0.117393     0.164397     0.0672378     -4.49181e-08     0.232548     1.06559e-07     1.49551e-07     -4.03786e-08     0.12482     -6.16218e-08     6.2226e-07     -1.62284e-08     -1.76269e-07     0.208924     2.65091e-10     0.229113     -7.94691e-08     0.157865     -1.00225e-07     
1     1.60123e-16     8.92954e-08     1.0087e-17     0.116551     0.133741     0.261404     9.90241e-08     -3.49384e-07     -4.57108e-08     -1.50588e-07     -8.27064e-08     0.16458     0.12863     1.46397e-07     0.128954     0.163188     0.163435     -0.102112     -2.64835e-07     0.248292     0.156947     -1.54728e-07     0.0776384     1     -1.97448e-07     3.28755e-07     4.11975e-07     0.255298     -7.23949e-08     0.134231     1.95681e-07     0.145396     -2.94288e-07     -8.73074e-08     -4.99135e-07     -3.63102e-07     1.25085e-07     0.0972342     0.135477     6.73214e-08     1.43209e-07     0.177506     -3.21558e-07     4.26736e-08     -2.32242e-07     0.125696     9.26796e-08     0.159357     5.26646e-09     0.183713     8.18816e-09     0.227952     0.178282     -1.23821e-07     0.224642     0.199781     -2.09229e-08     0.162885     0.349651     4.74449e-07     0.0144172     -1.99265e-07     0.209094     -1.31981e-08     0.197757     1.24254e-07     2.88351e-07     0.12079     1.00107e-07     0.252634     -8.99307e-08     -5.54235e-08     0.014488     0.19185     0.271535     2.84334e-07     0.245625     0.322611     0.185271     0.141522     2.12803e-07     -1.98863e-07     0.142674     0.129444     -8.56281e-08     0.167785     0.206137     -3.58439e-08     1.61647e-07     0.0824543     0.204167     -1.35498e-07     -3.90819e-08     0.219628     -1.41601e-07     -1.89061e-07     0.233211     2.00858e-07     -4.1645e-07     
0.819051     6.04658e-16     0.244927     -8.06658e-17     0.108048     0.0874321     -1.77586e-08     3.1842e-08     -1.19426e-07     -2.82009e-08     0.0638801     -7.58131e-08     0.188901     0.232782     0.0576629     0.0832285     2.43676e-07     -1.84561e-07     0.104025     1.78376e-08     1.19323e-07     0.220699     0.117601     0.207177     -1.97448e-07     0.819051     0.0690093     -5.36394e-08     1.89383e-07     1.48626e-07     2.13182e-07     1.37301e-07     0.289075     7.88144e-08     0.078255     -1.02731e-07     0.228656     0.154017     2.90402e-07     4.40402e-07     0.265174     0.0650355     -8.62043e-08     3.24748e-08     -1.05196e-07     -4.97927e-08     6.29603e-09     0.322237     0.114913     0.116652     0.134725     0.0777615     0.186714     -0.0115032     0.122759     0.0616416     0.114194     0.173133     0.192674     -1.20498e-07     0.07591     7.02428e-08     0.330221     -1.53911e-07     0.194886     0.111871     0.179693     0.105657     1.69902e-07     -1.97135e-08     -2.22599e-08     0.152595     0.231727     0.0936128     -1.4502e-07     0.144275     0.0705221     0.0900621     9.25145e-08     2.83659e-07     0.121413     0.117493     9.34373e-09     1.53391e-07     0.020086     0.222848     0.258587     1.34888e-07     0.0837869     0.090945     2.07095e-08     0.105452     -3.03205e-07     8.49742e-08     2.24245e-07     1.1773e-07     0.129752     8.80117e-08     -1.24513e-07     -1.9108e-07     
0.8944     5.93572e-16     3.76167e-08     -6.03837e-16     0.0667672     5.54478e-07     3.01574e-07     0.0562377     6.56641e-07     0.0449179     -0.0568195     2.60967e-07     0.155016     8.8008e-08     0.177162     2.4001e-09     2.58722e-07     0.0687579     0.188695     0.195617     0.0948207     1.42629e-07     0.253459     2.69944e-07     3.28755e-07     0.0690093     0.894404     2.73871e-07     0.13652     0.186955     0.130499     1.1321e-07     0.102177     5.03624e-07     0.185756     4.69444e-07     0.166294     0.257213     7.80681e-07     0.0898479     4.17303e-07     2.86867e-07     0.196929     0.298004     0.163123     0.174948     0.257696     4.65873e-07     0.123995     0.0343622     0.118423     5.66517e-07     0.108345     6.48191e-08     0.109844     6.76399e-07     2.74776e-07     1.53107e-07     4.208e-07     0.0771578     1.85508e-07     0.0884251     0.190293     1.19973e-07     0.179948     0.261428     3.67718e-07     6.61756e-07     7.18395e-07     4.85984e-07     1.61632e-09     4.00291e-07     3.17563e-07     0.339343     0.188216     0.106407     8.23161e-08     0.0518394     0.154492     1.00485e-06     0.100687     3.76811e-07     0.291923     0.221842     0.126428     3.28429e-07     6.0662e-07     0.0237905     0.170678     0.130198     0.186236     1.00345e-06     -1.89103e-08     -8.95744e-08     7.05485e-07     0.302587     0.119776     0.131203     0.109614     1.37872e-07     
