1     -1.41615e-17     0.201885     1     0.109394     0.158277     -3.48388e-17     0.0985029     2.69461e-18     0.167291     0.0346066     0.172572     0.101168     0.135602     -5.33451e-18     0.156594     0.12074     0.129594     -1.29484e-18     0.135882     3.9535e-18     -2.15859e-17     -3.8955e-17     0.0657066     -1.55894e-17     2.14342e-17     0.105597     0.125334     1.34829e-17     -8.41485e-19     -3.9716e-18     0.170784     0.194158     0.166228     0.129353     -4.19686e-17     0.138558     -2.00782e-18     -7.05591e-18     0.149346     -8.22907e-18     0.130869     0.206716     2.41487e-17     -4.95224e-17     1.24578e-17     -1.90193e-18     -1.5179e-17     0.192382     0.138871     0.124671     7.30593e-18     7.85025e-18     0.0750771     0.147865     0.14214     0.176963     -6.69188e-18     1.87218e-17     -1.39396e-17     2.00187e-17     4.25818e-18     1.77648e-17     0.0804101     0.19719     0.175101     0.05139     0.12822     0.180706     1.09904e-18     3.55289e-18     1.13752e-16     3.55965e-17     3.40254e-17     -4.21254e-17     0.1253     2.57293e-17     0.0650038     0.0653364     0.123185     6.33062e-17     0.139068     0.149233     0.101063     0.118286     0.168842     0.155884     0.0987083     2.35921e-17     0.126088     3.28024e-17     0.107516     0.0911725     0.115107     5.6522e-17     -8.99047e-18     0.102822     0.122773     1.16507e-16     0.16561     
-1.41615e-17     -2.40819e-17     5.20114e-17     -1.18565e-17     -5.60353e-17     -1.62406e-16     -1.38268e-17     -3.85742e-17     5.53772e-21     -3.44411e-18     -3.99504e-17     -3.7512e-17     -1.48409e-17     9.89665e-19     4.2367e-18     8.28544e-17     1.88955e-17     2.34057e-17     4.96216e-18     1.39615e-16     1.07161e-17     -7.05055e-18     -1.64066e-17     -2.12537e-17     -2.52457e-18     1.04292e-17     -3.67168e-17     -7.47702e-17     8.61097e-18     -1.86251e-18     4.05366e-18     1.1975e-17     -6.11902e-18     4.44107e-17     -2.95839e-17     1.20957e-17     1.65747e-17     -4.59593e-19     4.82903e-18     5.34058e-17     -1.8446e-17     -1.49499e-17     6.44051e-17     1.19568e-17     7.2287e-18     -1.92421e-17     -2.91813e-19     -2.80888e-17     -5.19519e-18     -4.80463e-17     -1.32135e-17     -2.688e-18     9.65325e-18     -7.83994e-17     5.69006e-17     2.69188e-17     1.44552e-17     1.81576e-17     8.88958e-18     5.25389e-19     -1.66472e-17     -4.43736e-18     9.71054e-18     -6.8292e-18     -3.34073e-18     -3.05044e-17     -1.07365e-17     -3.46852e-17     3.37269e-17     1.19292e-17     -4.56374e-18     5.32756e-19     3.21511e-18     1.13622e-17     -6.17196e-18     1.41974e-17     1.58068e-17     -2.82085e-18     -9.39136e-17     5.83388e-17     -1.57842e-17     -4.43541e-17     9.30559e-17     1.96808e-17     -4.76245e-18     -1.61369e-17     4.27426e-17     -4.81865e-17     -1.56242e-17     -5.49438e-18     -1.37105e-17     4.74728e-17     8.50989e-17     -7.75361e-17     -3.12932e-18     -1.26063e-17     -4.40293e-17     -3.24282e-17     4.43388e-19     -3.11968e-17     
0.201885     5.20114e-17     0.201886     0.201885     6.55085e-07     0.10155     2.48163e-17     4.6947e-07     -5.40646e-18     -2.28269e-06     0.0175775     3.49002e-07     -2.54265e-07     -2.01539e-07     7.70843e-18     -1.02883e-07     0.0253065     0.0486598     -2.45314e-18     -0.00406303     -9.42158e-19     1.87993e-17     1.49602e-16     0.0266209     3.54401e-17     -6.69808e-17     1.68336e-06     0.0106248     -3.84538e-17     -1.2409e-17     9.65689e-17     6.99343e-07     0.0653111     5.01979e-07     0.0200672     1.3099e-16     1.38647e-06     -2.05556e-17     -6.97182e-18     0.0291392     -2.21795e-17     0.0307125     0.117385     2.84165e-17     1.66783e-16     6.38096e-18     5.77435e-17     2.71448e-17     0.121609     -1.66461e-06     -2.45646e-06     5.10881e-17     -9.16355e-18     0.0464062     0.0438736     8.78536e-07     2.00065e-06     4.08675e-18     -3.74093e-17     -6.77253e-18     2.89805e-17     6.85426e-18     7.77339e-18     -7.22722e-08     -4.85182e-07     6.5574e-07     5.92386e-07     0.0970688     0.046777     -1.10194e-16     -3.57028e-17     -2.78407e-17     9.42675e-18     -2.45944e-17     -9.33555e-17     0.0541359     3.07169e-17     -4.60105e-07     -4.44175e-07     6.12234e-07     -4.11798e-17     -3.64902e-07     0.0718765     -2.69432e-06     0.009085     0.064246     3.48331e-06     0.0184959     4.52318e-17     2.27803e-07     -6.55172e-17     0.0498628     -2.20874e-07     0.0645924     -6.91275e-17     -1.68213e-16     0.00903736     -9.18343e-07     1.66879e-16     0.021008     
1     -1.18565e-17     0.201885     1     0.109394     0.158277     -3.23512e-17     0.0985029     2.55064e-18     0.167291     0.0346066     0.172572     0.101168     0.135602     -5.82744e-18     0.156594     0.12074     0.129594     -1.5439e-18     0.135882     4.30706e-18     -2.05615e-17     -4.55738e-17     0.0657066     -1.5158e-17     2.15819e-17     0.105597     0.125334     1.43553e-17     -8.67194e-19     -1.56484e-17     0.170784     0.194158     0.166228     0.129353     -3.7221e-17     0.138558     -3.0821e-18     -7.02792e-18     0.149346     -9.77103e-18     0.130869     0.206716     1.90132e-17     -6.30852e-17     8.79687e-18     -7.96436e-18     -6.29426e-18     0.192382     0.138871     0.124671     8.85094e-18     -5.32501e-18     0.0750771     0.147865     0.14214     0.176963     -1.05103e-17     7.92373e-18     -1.85169e-17     1.80976e-17     2.29372e-19     1.36862e-17     0.0804101     0.19719     0.175101     0.05139     0.12822     0.180706     5.53013e-17     6.62515e-17     -8.40279e-17     -7.27649e-17     1.54072e-17     5.38515e-17     0.1253     -4.85278e-17     0.0650038     0.0653364     0.123185     -3.10078e-17     0.139068     0.149233     0.101063     0.118286     0.168842     0.155884     0.0987083     4.80902e-17     0.126088     3.12364e-17     0.107516     0.0911725     0.115107     -1.60352e-17     3.81082e-17     0.102822     0.122773     3.33941e-17     0.16561     
0.109394     -5.60353e-17     6.55085e-07     0.109394     0.109394     0.0256077     4.41808e-17     -0.00107526     -3.22898e-17     9.78178e-08     -6.29804e-07     6.05784e-07     0.00874401     0.0184763     5.62332e-18     0.040914     -0.00522964     0.0119449     -1.05538e-18     0.05107     -6.06316e-19     6.24474e-18     -1.4042e-16     -0.00365696     -1.07931e-16     5.34332e-17     0.0451153     0.0270688     5.11894e-17     -1.36368e-17     -9.52562e-17     0.0459515     0.0010368     0.0240638     0.0303209     5.29288e-17     7.2978e-07     2.59954e-17     1.77108e-17     5.21954e-07     7.3845e-17     -0.0118334     4.9963e-07     -7.68053e-17     -1.56976e-16     1.19334e-17     -6.33372e-17     -2.17007e-16     0.00855078     0.0161981     0.0558824     -2.68893e-17     1.3044e-17     0.0182279     0.049703     0.048094     3.44957e-07     1.97072e-17     3.22476e-17     -5.15664e-17     -1.17178e-16     3.85155e-17     5.80781e-17     4.19709e-07     0.0440244     0.0338846     6.54073e-07     0.00709409     0.0176203     1.28041e-18     -8.09435e-17     -2.89426e-17     2.58678e-17     -3.5009e-17     1.24433e-16     0.0281557     -3.00086e-17     0.0104406     -1.3106e-06     0.0121304     1.58217e-16     9.00103e-07     0.047735     6.90138e-07     0.0201527     -1.04936e-06     4.0445e-07     4.76513e-07     -1.00332e-16     3.28945e-07     5.98526e-17     0.0109486     0.01458     -0.0132408     3.44736e-16     5.86306e-16     -0.00223815     -1.06783e-06     -3.08061e-16     -1.04232e-06     
0.158277     -1.62406e-16     0.10155     0.158277     0.0256077     0.158277     -1.28149e-16     0.00535521     3.37645e-17     -5.17007e-07     -8.65147e-07     0.0142276     4.93523e-08     2.95093e-07     -5.94617e-17     0.0156807     0.0523428     0.0649134     -3.68638e-17     1.09964e-07     5.57735e-17     -2.55423e-16     -6.70031e-16     0.00552472     -2.52231e-16     2.12624e-16     -5.5097e-07     7.30954e-07     1.94278e-16     5.41724e-18     -3.96147e-16     0.0354401     -1.77062e-07     0.0199004     -4.66571e-07     1.19734e-16     0.00912769     4.02026e-17     -3.46276e-17     1.407e-06     2.5817e-16     1.80602e-07     0.0679868     1.46535e-17     -5.26859e-16     1.12473e-16     -2.21133e-16     -6.91136e-16     0.0806294     0.0219177     0.0125756     -3.71952e-18     7.38357e-17     0.0238612     0.0627267     0.0490145     0.0308334     -6.78787e-17     2.17629e-17     -5.27861e-17     1.68432e-16     8.56548e-17     1.87004e-16     0.0116618     4.63344e-07     -2.44654e-07     5.41087e-07     0.0492495     1.07428e-07     3.02273e-16     3.10532e-16     7.51613e-16     -4.51454e-16     2.32865e-16     -2.60453e-17     0.0577943     8.29454e-17     6.63655e-07     -1.83209e-06     6.10002e-07     1.12726e-16     5.74036e-07     0.0849899     -8.71223e-07     0.0281828     -4.00282e-07     -1.17623e-06     0.0219008     4.78501e-16     -1.12299e-07     4.15633e-16     -2.11996e-07     -1.3889e-06     3.99498e-07     3.05499e-16     2.22149e-16     0.00593802     -4.03218e-09     4.0747e-16     0.0297736     
-3.48388e-17     -1.38268e-17     2.48163e-17     -3.23512e-17     4.41808e-17     -1.28149e-16     -4.04519e-18     5.67132e-17     2.93083e-19     -6.83979e-17     2.95068e-17     3.56479e-18     -5.93466e-17     -4.94236e-18     3.41173e-18     1.20443e-16     6.41455e-17     9.77183e-17     2.51344e-18     3.31043e-16     5.72463e-18     -2.78004e-18     -4.38926e-18     1.7335e-17     1.21211e-20     5.71694e-18     -1.31634e-16     -8.34668e-17     4.75017e-18     -1.06671e-18     6.938e-18     9.98697e-17     2.50436e-17     4.35523e-17     -1.77203e-16     8.39128e-18     5.53104e-17     1.37717e-18     4.22769e-18     6.11977e-17     -8.49478e-18     -1.46362e-17     1.04208e-16     7.39391e-18     7.15586e-18     -1.02405e-17     -2.54268e-19     -1.3871e-17     3.16414e-16     7.37124e-18     4.07812e-17     -3.64483e-18     5.19929e-18     -1.60909e-17     4.8961e-17     -5.89106e-17     8.61098e-17     9.04702e-18     7.30813e-18     1.05159e-19     -8.93824e-18     -5.14488e-18     6.71584e-18     -1.78646e-16     1.5075e-18     1.47711e-17     2.97979e-18     -1.18158e-16     -2.82111e-16     2.7827e-18     1.09613e-18     -2.48358e-18     4.51863e-18     4.0542e-18     2.90306e-20     3.72948e-17     7.3736e-18     9.44126e-17     -1.67975e-16     6.48944e-17     -3.17911e-18     -9.87768e-18     1.01068e-17     -9.48432e-17     1.3296e-17     -6.39052e-17     1.48914e-16     -1.5484e-16     -1.38089e-17     6.85233e-17     -4.25856e-18     2.09621e-17     2.70331e-16     -2.45235e-17     8.02521e-19     -2.7405e-18     -2.00511e-16     -2.31419e-16     -2.06536e-19     3.82673e-17     
0.0985029     -3.85742e-17     4.6947e-07     0.0985029     -0.00107526     0.00535521     5.67132e-17     0.0985041     -3.69554e-17     0.0188379     0.0272164     0.0450391     0.0409515     -0.00135582     3.34713e-17     -6.43733e-07     2.46911e-07     0.0270803     7.46724e-18     0.0333655     -2.07021e-17     1.48644e-16     2.34344e-16     0.00957665     3.72931e-17     -1.21182e-17     0.0382649     2.08086e-07     -5.41383e-18     4.72938e-19     2.61056e-16     6.73483e-07     0.0685392     -1.86519e-07     -9.15035e-07     1.58997e-16     -4.65232e-08     3.72299e-18     4.1722e-17     0.0163947     2.05079e-17     1.64297e-07     0.0328588     -1.41601e-16     1.16616e-16     5.13497e-18     7.09123e-18     2.27044e-17     0.0145408     0.0445624     7.63888e-08     -4.07124e-17     6.89158e-17     -3.05441e-07     0.0131457     0.0299088     0.0148855     -1.01289e-18     4.60941e-17     6.44461e-17     -4.30086e-17     3.46784e-18     -5.90096e-18     0.0165988     1.89344e-06     -2.21735e-07     0.0324687     -4.95737e-07     0.00497707     1.15252e-16     -3.36465e-17     -2.16127e-16     2.408e-16     -1.61312e-17     8.03436e-17     -3.15306e-07     1.75462e-16     -9.81165e-08     9.85993e-07     5.10328e-07     8.84656e-17     1.63035e-07     1.28263e-06     -1.35787e-08     -7.62877e-07     1.08404e-06     -2.58749e-07     1.19387e-06     -4.07236e-16     0.0274514     -2.06186e-17     0.0120153     -6.68993e-07     -7.41259e-07     -1.28598e-17     3.71532e-17     -8.61433e-07     0.0286797     6.28775e-18     7.1164e-07     
2.69461e-18     5.53772e-21     -5.40646e-18     2.55064e-18     -3.22898e-17     3.37645e-17     2.93083e-19     -3.69554e-17     1.93526e-18     1.6876e-17     7.70775e-17     1.33572e-17     2.60153e-17     5.95581e-18     -6.38576e-19     -4.4708e-17     1.02164e-16     -1.13398e-16     5.60605e-19     -5.35767e-17     1.80648e-18     -1.10353e-18     6.47057e-19     -8.8895e-17     1.96935e-19     1.00042e-18     1.98341e-17     -1.03896e-16     2.22532e-19     -2.41673e-19     -1.92048e-18     2.81373e-17     3.8068e-17     3.98363e-18     -1.98469e-16     4.17691e-19     -1.99703e-17     6.7378e-19     -2.0052e-19     -4.75928e-17     -2.91663e-18     2.96106e-17     -4.52339e-17     -3.42167e-19     -1.04074e-18     -1.4933e-18     1.5967e-21     9.85714e-19     -1.59532e-17     -1.71791e-17     -3.19811e-17     7.90841e-19     1.31253e-18     6.6238e-18     1.91475e-17     3.76687e-17     3.70817e-19     -4.86512e-19     1.69517e-20     -1.50229e-18     5.96086e-19     -1.452e-18     -4.74332e-19     1.05135e-16     9.3569e-18     -4.13926e-18     -1.2669e-18     -8.20207e-18     1.25704e-16     7.85266e-20     -3.92368e-19     5.40297e-18     -6.858e-19     3.4699e-18     -1.68166e-18     -4.55574e-18     8.00795e-19     8.23108e-18     -9.6282e-19     -8.64079e-17     -3.42975e-18     -4.8048e-18     3.51748e-17     3.23753e-17     1.29008e-16     -1.73764e-17     -3.96622e-17     -8.08981e-17     2.59003e-18     -4.47603e-18     -1.40633e-18     4.52846e-18     -2.17668e-17     1.31417e-16     2.14842e-18     -3.64632e-18     2.53925e-17     4.68316e-18     5.68595e-19     -6.08437e-18     
0.167291     -3.44411e-18     -2.28269e-06     0.167291     9.78178e-08     -5.17007e-07     -6.83979e-17     0.0188379     1.6876e-17     0.167288     0.0190712     -6.89285e-07     -0.00379193     0.113014     6.3433e-18     -2.16049e-07     0.0220939     0.032637     1.11234e-18     -2.58663e-07     1.16243e-18     -3.22164e-17     -6.26658e-17     -0.0105841     -1.52286e-17     -1.93141e-20     0.0069701     0.0200533     9.63841e-18     -8.00841e-19     -1.3901e-16     -1.00253e-06     1.2295e-07     0.10264     -9.17365e-08     -6.76162e-16     7.2992e-07     -2.89356e-17     -6.55254e-17     7.96989e-07     -2.63189e-17     6.91866e-07     0.00153477     -2.10988e-17     -2.74355e-18     -1.38588e-17     -3.44316e-17     -7.31676e-18     4.15857e-07     -1.68343e-06     -2.61348e-06     -1.29794e-17     1.39943e-17     0.032223     0.0174945     3.11668e-08     0.0314613     -3.5752e-18     -7.16462e-17     3.63117e-18     2.18928e-17     -4.39954e-18     9.98344e-18     0.0149522     0.108943     0.0297049     0.0179155     -5.62413e-07     -0.00839082     -1.65142e-16     2.30599e-16     8.91969e-17     -2.9433e-17     9.2337e-18     1.39093e-17     -0.00912129     1.24208e-16     0.0557484     -3.37371e-07     0.0432038     1.65236e-18     0.0442551     1.48207e-06     -2.47968e-06     -8.09621e-07     0.000236144     0.112327     5.27478e-07     6.71368e-17     -6.79757e-07     1.68921e-17     -0.00125036     -8.4936e-07     0.0245377     1.23837e-16     2.38476e-16     0.062784     -9.12011e-07     1.44342e-16     0.034681     
0.0346066     -3.99504e-17     0.0175775     0.0346066     -6.29804e-07     -8.65147e-07     2.95068e-17     0.0272164     7.70775e-17     0.0190712     0.0346028     0.00742528     -3.72108e-07     -1.14729e-06     -9.62957e-18     -0.00632506     -8.0716e-08     0.0159631     3.95166e-18     -1.20232e-07     4.37864e-18     9.30756e-18     -1.21138e-16     0.00836824     -1.8642e-17     3.11868e-17     0.00812954     0.00923214     3.38905e-17     -4.08245e-19     -7.82456e-17     1.03602e-07     0.00168255     7.66549e-07     -4.44704e-07     -6.55123e-17     -0.0126379     2.53614e-18     -7.33889e-17     0.0149193     -1.62998e-17     -1.24125e-07     6.16253e-07     5.03324e-18     -1.07773e-16     -3.71277e-18     -2.20761e-17     -2.27113e-17     -3.63756e-07     0.000513037     -0.00229632     5.06562e-18     2.12182e-17     0.00988678     9.92607e-07     0.0176681     -1.12222e-06     1.30086e-17     4.5513e-17     7.2526e-18     -2.76144e-17     1.85952e-16     2.73818e-18     0.00959326     -1.1294e-06     4.43616e-07     0.00915497     5.19647e-07     -2.28262e-07     -5.77871e-17     3.22779e-16     -8.0308e-17     -2.10079e-17     5.6884e-17     -1.96338e-18     -1.54953e-06     1.42442e-18     0.0125312     -6.4224e-07     -1.28399e-07     -4.0455e-17     0.00211476     -1.00518e-06     0.00170543     8.46699e-08     -1.46772e-06     -4.94771e-07     1.89973e-07     2.03489e-17     -6.51803e-07     2.1889e-17     -3.64848e-07     0.0142711     0.0098043     -1.37789e-16     -5.32065e-16     0.00997268     -1.99762e-06     5.79506e-17     4.89081e-07     
0.172572     -3.7512e-17     3.49002e-07     0.172572     6.05784e-07     0.0142276     3.56479e-18     0.0450391     1.33572e-17     -6.89285e-07     0.00742528     0.172573     0.0546711     -9.33037e-07     -1.86498e-17     -2.24192e-08     2.17142e-08     6.62623e-08     -6.44739e-18     0.0421191     8.30259e-18     -5.59287e-17     -2.62546e-16     0.0319728     -3.87919e-17     2.78593e-17     1.53081e-06     0.0196365     3.47709e-17     -2.03829e-17     4.27608e-17     0.0421997     0.0485201     1.04096e-06     0.0349919     8.76937e-17     3.83369e-07     -7.45149e-18     -2.76477e-17     0.0805817     5.96004e-17     -5.59802e-07     1.31645e-08     -2.30625e-17     -2.20328e-16     3.57542e-17     -4.42548e-17     -3.71934e-17     0.0274471     0.0549268     -1.63033e-06     -3.0568e-17     2.11259e-17     -1.02885e-07     0.0605924     0.0558167     6.17985e-07     -3.13579e-17     -1.7524e-18     -1.73568e-18     7.97184e-17     -4.97523e-18     1.84228e-17     0.0268752     0.0250293     0.0651104     -2.47017e-07     9.01389e-07     -3.19599e-08     1.16662e-16     1.27871e-16     1.64942e-17     -1.03884e-16     6.07056e-18     2.29016e-17     0.0592602     1.80859e-16     -7.75589e-07     0.0177324     0.0120131     -1.54326e-16     1.04543e-06     -4.31373e-07     -2.23079e-07     1.47962e-07     0.0602145     1.73007e-06     -3.93083e-07     1.04788e-16     0.075854     6.31491e-17     0.0343964     0.0399807     0.0258933     1.31713e-17     -2.33858e-16     -6.51984e-07     -7.5858e-07     1.13298e-17     0.0203294     
0.101168     -1.48409e-17     -2.54265e-07     0.101168     0.00874401     4.93523e-08     -5.93466e-17     0.0409515     2.60153e-17     -0.00379193     -3.72108e-07     0.0546711     0.101165     7.58028e-08     -3.63189e-17     -6.25588e-07     -0.00778856     -7.03711e-07     1.49205e-17     0.0160826     3.1596e-17     -4.029e-17     -2.98505e-16     0.00880667     4.18646e-17     2.03915e-17     0.0285768     -5.55652e-07     1.47894e-17     -2.45822e-17     -1.04406e-16     0.0368116     0.0765746     4.45602e-07     -3.4949e-07     -4.83456e-16     0.0419822     3.08334e-18     -3.86716e-17     0.0244531     3.29366e-17     0.00912383     0.0636021     8.10926e-17     -1.93667e-16     -2.02408e-17     -7.55443e-17     6.07755e-17     9.37331e-08     -1.23777e-06     0.0114761     -7.815e-18     4.97418e-17     0.015567     0.00797919     1.00575e-06     8.19175e-07     -2.5999e-17     1.25003e-16     -1.82882e-17     6.79598e-17     -5.59845e-17     6.86896e-17     -8.61061e-08     -1.10173e-06     1.41919e-07     -1.80779e-06     0.0339322     -6.14924e-08     9.05256e-17     -7.7242e-17     3.5747e-16     -1.12645e-16     1.4794e-16     -3.78809e-17     -1.63153e-06     2.69193e-17     -9.6173e-07     0.00978529     1.02254e-07     -2.02646e-16     -1.04423e-06     -1.31765e-06     -1.61808e-06     -5.09954e-07     0.0471659     -0.013894     -7.83634e-07     1.43064e-16     0.0342116     -2.40031e-17     0.0423708     0.0114533     -8.61669e-07     5.06459e-17     3.40603e-17     -1.32799e-06     0.0371751     -3.23899e-17     -3.48207e-08     
0.135602     9.89665e-19     -2.01539e-07     0.135602     0.0184763     2.95093e-07     -4.94236e-18     -0.00135582     5.95581e-18     0.113014     -1.14729e-06     -9.33037e-07     7.58028e-08     0.135602     2.55714e-17     0.0253251     -9.84348e-07     2.95062e-07     -5.20136e-20     -4.89305e-08     8.13554e-18     -1.05665e-16     -2.76237e-17     1.39463e-06     1.48235e-17     1.87214e-17     -1.09902e-06     6.29003e-07     -3.58772e-17     -1.12957e-19     2.18412e-17     0.0359092     3.9094e-07     0.101543     -0.00539232     -4.60669e-17     1.96954e-07     6.18983e-18     -4.10216e-18     9.13256e-07     1.2118e-17     0.0189822     0.00718246     -3.78765e-18     -8.92388e-17     5.34638e-17     1.76292e-17     7.53292e-17     0.00668638     -0.00274973     -1.57692e-08     -1.74192e-17     -5.44064e-18     0.00890886     0.0199191     2.53238e-07     7.32225e-07     -2.4045e-17     -1.19774e-16     4.58298e-17     -4.45735e-18     2.22404e-18     -1.05093e-17     6.68178e-07     0.0851915     -8.27967e-08     -1.33449e-06     0.0145085     -1.04623e-07     -4.81083e-17     7.54414e-17     7.19373e-18     2.75543e-17     -2.55155e-17     -6.00063e-17     0.0133541     -5.74718e-18     0.037807     -1.29396e-06     0.0244712     -8.10416e-18     0.046619     -2.87007e-07     -1.20681e-06     5.39396e-07     -1.0036e-06     0.0977034     -6.87414e-07     3.99216e-17     5.50168e-07     -1.69153e-16     7.68774e-08     -7.79256e-07     8.4659e-07     4.02039e-16     -1.07061e-16     0.0686069     8.88657e-07     2.67212e-17     0.0370186     
-5.33451e-18     4.2367e-18     7.70843e-18     -5.82744e-18     5.62332e-18     -5.94617e-17     3.41173e-18     3.34713e-17     -6.38576e-19     6.3433e-18     -9.62957e-18     -1.86498e-17     -3.63189e-17     2.55714e-17     1.60459e-19     1.62631e-19     -3.15406e-18     4.95519e-17     -5.19993e-19     5.80455e-17     -2.19483e-18     1.79582e-18     4.7779e-18     7.18882e-18     1.29071e-18     -1.5309e-18     -3.79553e-17     2.07593e-18     -1.3036e-18     3.22604e-19     -1.06506e-19     6.4192e-17     -3.99476e-17     2.4965e-17     2.58429e-20     -2.78799e-18     4.39222e-17     -3.85665e-19     1.49976e-19     2.05342e-17     3.32474e-18     -2.80518e-17     6.22546e-17     -3.21132e-18     2.31349e-19     2.50293e-18     5.54347e-19     3.43097e-18     4.03182e-17     -1.67378e-18     -3.01519e-17     -1.21567e-18     -2.6462e-18     -1.30509e-17     9.75173e-18     -4.58727e-17     2.34098e-17     -1.5386e-18     -4.773e-19     3.55406e-19     1.16801e-18     8.98181e-19     -1.56125e-18     2.13237e-18     -3.58919e-17     2.46138e-18     2.27603e-18     7.6067e-18     -3.48742e-17     -6.69321e-19     1.43602e-18     -2.13399e-18     6.05774e-19     -2.05401e-18     9.93672e-19     6.85702e-19     -1.7286e-18     2.05507e-17     -3.1974e-18     1.44987e-17     6.82402e-18     -1.05896e-17     -1.70246e-17     -3.96767e-17     1.90784e-17     2.83808e-18     3.02036e-17     -2.16578e-17     -1.66953e-19     -1.94828e-18     3.72837e-18     -8.84196e-18     4.04092e-17     -3.31977e-17     -8.28751e-19     4.23318e-18     1.25704e-18     -2.00056e-17     -4.82038e-20     7.26003e-18     
0.156594     8.28544e-17     -1.02883e-07     0.156594     0.040914     0.0156807     1.20443e-16     -6.43733e-07     -4.4708e-17     -2.16049e-07     -0.00632506     -2.24192e-08     -6.25588e-07     0.0253251     1.62631e-19     0.156591     -5.43771e-07     -5.00506e-07     1.10018e-18     0.0327683     2.99229e-17     1.56343e-18     1.57247e-16     0.0179844     7.79032e-17     5.42415e-18     -4.5285e-07     0.016112     -1.87488e-17     -5.92624e-18     1.72282e-17     0.090036     -4.14906e-07     0.0361422     -1.13885e-06     -2.27919e-17     -5.98152e-07     2.84563e-17     -4.25781e-18     -0.00332208     -1.06052e-17     0.0874457     0.0123286     -3.26614e-17     9.90719e-17     -9.25995e-18     3.47807e-17     4.07855e-17     0.0171536     0.0563075     0.0119533     2.89449e-17     -1.7836e-17     -1.36249e-06     0.000989144     0.0659573     0.0274195     5.11546e-17     1.08488e-16     -6.06133e-17     6.42876e-18     1.15289e-16     -1.31091e-16     -1.4674e-06     -8.43677e-07     0.0146578     -2.05394e-07     0.00779926     0.0346164     3.06651e-16     2.75595e-17     5.56333e-18     1.1531e-16     1.18438e-17     -6.77896e-17     -1.79694e-06     5.74851e-17     0.018903     0.00279803     0.0349696     -4.10107e-17     0.0847927     0.0398897     0.0230815     0.0241713     0.0237553     0.0454497     0.0699678     1.69155e-16     -5.50636e-07     -1.03279e-17     4.11345e-07     0.041621     -1.36988e-06     -6.55916e-17     9.40397e-17     -1.028e-06     0.0565813     -5.54916e-17     -2.44521e-07     
0.12074     1.88955e-17     0.0253065     0.12074     -0.00522964     0.0523428     6.41455e-17     2.46911e-07     1.02164e-16     0.0220939     -8.0716e-08     2.17142e-08     -0.00778856     -9.84348e-07     -3.15406e-18     -5.43771e-07     0.120742     0.031153     6.6605e-18     0.0509156     1.06668e-17     9.33719e-18     4.21254e-17     4.97598e-07     -5.53134e-17     -3.31419e-18     1.14924e-06     2.33099e-07     1.28532e-17     3.89714e-18     5.57106e-17     -1.51153e-07     1.7112e-06     2.78996e-06     -3.2002e-08     2.69329e-17     0.0437751     -3.98296e-18     1.70691e-17     8.24146e-07     -9.82216e-17     0.0357706     -7.91444e-07     2.25412e-17     2.51079e-17     3.96711e-17     -1.06183e-17     -1.88941e-16     0.0147892     -8.01168e-08     0.00489663     1.36771e-17     -6.2351e-18     -9.37258e-07     0.0418974     1.35003e-06     0.0782738     -4.4206e-17     5.93112e-17     -1.65262e-17     -4.53714e-18     -4.08081e-18     4.48282e-18     0.0193449     0.0434885     1.10225e-07     -1.59821e-06     1.772e-06     0.0688199     -3.18054e-16     1.56237e-16     1.807e-16     -1.07552e-16     -1.04921e-17     8.6337e-17     0.0191966     -8.92519e-17     0.025294     0.00224823     1.73857e-06     -7.63506e-17     1.36054e-06     5.62631e-07     0.0558425     0.0930275     4.6952e-07     0.0247072     7.50385e-08     -1.9016e-16     -2.33372e-07     2.62132e-17     3.09876e-07     -0.0146955     0.0139     -5.38107e-17     -5.81464e-17     -3.18318e-07     -1.59411e-07     -1.62429e-17     0.0571022     
0.129594     2.34057e-17     0.0486598     0.129594     0.0119449     0.0649134     9.77183e-17     0.0270803     -1.13398e-16     0.032637     0.0159631     6.62623e-08     -7.03711e-07     2.95062e-07     4.95519e-17     -5.00506e-07     0.031153     0.129595     -1.10814e-17     -1.09553e-07     -1.97841e-17     2.40011e-16     4.62395e-16     -6.46289e-07     1.24284e-17     -6.4412e-17     0.0438522     -3.05039e-07     -1.02133e-16     -2.74796e-17     2.14497e-16     4.57287e-07     7.56276e-07     1.24556e-07     0.0407939     3.1255e-16     0.0313354     4.00195e-18     7.53084e-17     0.0296913     -1.85906e-16     3.30676e-07     0.0149058     9.18625e-18     4.71645e-16     2.57581e-17     1.17434e-16     2.66232e-16     -2.29114e-07     -7.78775e-08     0.0396046     1.38304e-17     -5.73684e-17     0.0334851     0.04802     0.0518074     0.0139798     5.35973e-17     -4.68421e-17     3.33983e-17     -1.29864e-16     1.07471e-17     -6.07156e-17     -7.27816e-07     -3.28516e-07     1.37813e-06     -4.70469e-08     1.67322e-08     -5.88063e-08     -1.97628e-16     -2.1134e-16     -3.04833e-16     1.78404e-16     -1.61924e-16     -3.6134e-17     1.47331e-07     -1.06952e-16     -5.66703e-07     -0.00286056     -0.0057885     3.54727e-17     0.0406561     0.0443069     1.60054e-06     0.0178986     0.0294833     0.0133311     0.0318176     -2.80533e-16     0.0293387     -2.82575e-16     1.47487e-07     2.78497e-07     -8.80618e-07     -1.8885e-16     -5.9428e-16     5.82651e-08     0.0149557     1.38055e-16     -1.2413e-06     
-1.29484e-18     4.96216e-18     -2.45314e-18     -1.5439e-18     -1.05538e-18     -3.68638e-17     2.51344e-18     7.46724e-18     5.60605e-19     1.11234e-18     3.95166e-18     -6.44739e-18     1.49205e-17     -5.20136e-20     -5.19993e-19     1.10018e-18     6.6605e-18     -1.10814e-17     8.28071e-19     2.79661e-17     -6.64844e-19     5.86573e-20     2.66039e-18     -1.43729e-18     1.10363e-18     3.76804e-19     2.18387e-17     -3.04019e-18     -1.05443e-18     -6.52135e-20     -1.55498e-18     -1.10781e-17     5.46917e-18     -5.40601e-18     -1.07459e-17     -2.65519e-18     -1.24003e-17     -1.18532e-18     7.55557e-19     -1.00606e-17     6.58097e-20     8.3508e-18     -1.41968e-17     -3.38247e-18     -3.95248e-19     2.38679e-18     1.87461e-19     4.54895e-18     -9.33792e-18     -3.14452e-18     9.25031e-18     -1.20662e-18     -1.95427e-18     3.76084e-18     -1.64066e-18     5.26259e-18     -4.28748e-18     -2.13235e-18     -1.16038e-18     -1.72299e-18     1.78248e-18     1.14185e-18     -2.44207e-20     1.35739e-18     -6.90921e-18     -3.60798e-18     3.3061e-18     -1.7316e-17     1.90139e-17     -1.39882e-18     9.56451e-19     2.87001e-18     -1.07771e-18     -1.30812e-18     2.0001e-19     1.9881e-18     9.83423e-19     -4.85956e-18     2.114e-18     1.90571e-17     2.33082e-18     3.34281e-18     1.03008e-17     1.07438e-17     -6.28163e-18     -1.78839e-17     -3.82717e-18     -1.76583e-17     4.76664e-18     1.74072e-18     2.20961e-18     7.4914e-18     -1.00761e-17     5.74664e-18     2.92272e-19     1.07894e-18     -4.31904e-18     2.87047e-18     -2.93357e-19     -1.59819e-18     
0.135882     1.39615e-16     -0.00406303     0.135882     0.05107     1.09964e-07     3.31043e-16     0.0333655     -5.35767e-17     -2.58663e-07     -1.20232e-07     0.0421191     0.0160826     -4.89305e-08     5.80455e-17     0.0327683     0.0509156     -1.09553e-07     2.79661e-17     0.135881     -2.9821e-17     2.18943e-16     8.3136e-16     7.1723e-07     1.61402e-16     -8.31196e-17     0.0123487     0.0147655     -1.28569e-16     -2.60276e-17     7.22768e-16     0.0194966     0.0523651     -6.08486e-08     0.00421698     3.83145e-16     2.24356e-07     3.70709e-18     6.9012e-17     -2.91736e-07     -1.83701e-16     0.0221098     -3.67682e-07     -6.94453e-17     5.28203e-16     -3.49372e-17     2.03438e-16     1.17229e-16     -6.05858e-07     0.0326958     0.0276517     -1.2571e-17     -2.54483e-17     0.000376269     0.0494565     0.0477417     0.0348322     4.81505e-17     2.71626e-18     5.22634e-17     -2.34477e-16     -1.39739e-16     -9.80459e-17     -0.00192744     0.0769008     1.01013e-06     6.78164e-08     6.84927e-07     0.0719982     -3.53114e-16     -3.86083e-16     -4.43616e-16     1.96886e-16     -2.93121e-16     1.23178e-16     0.0254375     1.2026e-17     -8.49944e-07     -1.81034e-06     -0.00471717     -1.02217e-16     0.00459396     -8.45056e-07     0.0255479     0.0424074     -8.3875e-07     0.0363927     1.32404e-07     -7.12974e-16     7.98363e-09     -4.03602e-16     0.0323106     -1.13443e-06     0.0308719     -2.31351e-16     -5.92529e-17     0.00753321     -2.76683e-07     -9.2952e-16     -7.65182e-07     
3.9535e-18     1.07161e-17     -9.42158e-19     4.30706e-18     -6.06316e-19     5.57735e-17     5.72463e-18     -2.07021e-17     1.80648e-18     1.16243e-18     4.37864e-18     8.30259e-18     3.1596e-17     8.13554e-18     -2.19483e-18     2.99229e-17     1.06668e-17     -1.97841e-17     -6.64844e-19     -2.9821e-17     -2.21311e-18     1.1924e-18     4.82653e-18     -1.20623e-17     1.52601e-18     -2.07669e-18     1.51647e-17     -1.37583e-17     -3.19748e-18     3.28862e-19     -1.50599e-18     -2.9715e-17     5.37828e-17     -5.35568e-17     -1.02651e-17     -5.79843e-18     -2.30859e-17     -3.47207e-19     -1.47709e-18     -6.74569e-17     2.95412e-18     3.71943e-17     -2.84421e-17     -5.93649e-18     -4.40158e-18     6.25111e-18     3.12471e-19     1.28153e-17     -1.35644e-17     7.12043e-19     5.70662e-18     1.35745e-18     -2.667e-18     -1.22432e-17     -1.6323e-17     4.33794e-17     -2.14259e-17     -7.32571e-18     -4.38856e-18     -2.41558e-18     6.61431e-18     1.65369e-18     -3.44293e-18     -2.47398e-17     9.53597e-18     -2.01014e-17     -2.89743e-17     -1.04913e-17     1.71351e-17     -5.03734e-18     8.43873e-19     4.34025e-18     -4.15471e-18     -2.07072e-18     5.93169e-20     -6.56624e-18     -5.29222e-18     -1.15444e-17     -1.95795e-17     -2.02995e-18     3.19466e-18     5.77389e-17     1.05777e-17     2.11083e-17     -1.79186e-17     -2.94858e-18     -1.39234e-17     1.97998e-17     9.35093e-18     -6.49461e-18     3.62929e-18     3.28317e-17     -4.01191e-17     4.1975e-17     3.59929e-18     1.33138e-18     -6.97754e-18     1.10144e-17     1.91877e-19     1.51469e-17     
-2.15859e-17     -7.05055e-18     1.87993e-17     -2.05615e-17     6.24474e-18     -2.55423e-16     -2.78004e-18     1.48644e-16     -1.10353e-18     -3.22164e-17     9.30756e-18     -5.59287e-17     -4.029e-17     -1.05665e-16     1.79582e-18     1.56343e-18     9.33719e-18     2.40011e-16     5.86573e-20     2.18943e-16     1.1924e-18     -2.89752e-19     -1.045e-18     3.11601e-17     -4.6281e-19     7.98614e-19     -1.05166e-16     -4.11713e-17     1.6732e-18     -1.29559e-19     5.05016e-18     2.27884e-16     -1.63073e-16     -7.82589e-18     5.86214e-18     2.74129e-18     1.31466e-16     4.89383e-20     1.18355e-18     2.54862e-16     -8.49118e-19     -6.83518e-17     1.62332e-16     4.14162e-18     3.17809e-18     -4.78728e-18     6.34727e-19     -9.05606e-18     1.06814e-16     -1.72979e-16     8.90525e-17     -2.50185e-18     8.00662e-20     -9.70433e-17     4.99679e-17     -1.15328e-16     7.95365e-17     4.6018e-18     3.27319e-18     3.16004e-18     -3.08431e-18     -1.77463e-18     2.46884e-18     6.91822e-18     -2.18165e-16     1.10149e-16     5.65646e-17     -4.26718e-17     -2.39486e-16     3.38359e-18     3.09027e-19     -2.40547e-18     3.30013e-18     -2.23801e-18     5.59395e-19     7.31953e-17     3.37265e-18     5.12891e-17     -8.87799e-18     4.36851e-17     3.06892e-18     -1.1971e-17     -4.76664e-17     -1.53932e-16     3.24272e-17     -1.24409e-18     8.63472e-17     -5.74167e-17     -1.10225e-17     3.2752e-17     -2.89582e-18     3.58817e-18     2.44977e-16     -1.2798e-16     -1.54607e-18     -8.52795e-19     -1.19465e-16     -5.56222e-17     -9.06777e-19     3.73428e-17     
-3.8955e-17     -1.64066e-17     1.49602e-16     -4.55738e-17     -1.4042e-16     -6.70031e-16     -4.38926e-18     2.34344e-16     6.47057e-19     -6.26658e-17     -1.21138e-16     -2.62546e-16     -2.98505e-16     -2.76237e-17     4.7779e-18     1.57247e-16     4.21254e-17     4.62395e-16     2.66039e-18     8.3136e-16     4.82653e-18     -1.045e-18     2.3101e-17     -2.68686e-17     9.59443e-19     3.86981e-18     -6.00475e-16     -1.63561e-16     4.55855e-18     -8.61288e-19     -2.67046e-18     3.95003e-16     -2.92999e-16     2.62339e-16     -9.47301e-17     4.71187e-18     3.70416e-16     2.18647e-18     5.29512e-18     5.39427e-16     -5.15804e-18     -2.07294e-16     4.64223e-16     7.05143e-18     1.9278e-17     -1.06624e-17     2.59564e-18     -2.91511e-17     3.1474e-16     -3.65841e-16     1.39935e-17     -8.52134e-18     8.4199e-19     -1.42458e-16     2.39678e-16     -3.43088e-16     4.62864e-16     1.11225e-17     9.83912e-18     2.40443e-18     -2.79494e-18     -8.18474e-18     2.2611e-18     -7.07796e-17     -2.57933e-16     -3.39174e-19     1.63214e-16     6.15216e-17     -3.9519e-16     7.85359e-18     6.52243e-18     3.02743e-17     2.03881e-17     -1.24405e-17     8.46742e-18     1.54187e-16     2.21573e-17     1.63345e-16     -1.16336e-16     2.74688e-16     1.75026e-17     -2.04465e-16     -4.02055e-17     -7.48991e-17     2.68254e-17     -7.85848e-17     4.49228e-16     -2.59703e-16     -2.69506e-17     -1.20992e-16     -9.08359e-18     6.73742e-17     5.4684e-16     -3.6243e-16     -1.34062e-18     -7.91413e-18     -3.00606e-16     -3.90955e-16     -5.92113e-18     3.85999e-17     
0.0657066     -2.12537e-17     0.0266209     0.0657066     -0.00365696     0.00552472     1.7335e-17     0.00957665     -8.8895e-17     -0.0105841     0.00836824     0.0319728     0.00880667     1.39463e-06     7.18882e-18     0.0179844     4.97598e-07     -6.46289e-07     -1.43729e-18     7.1723e-07     -1.20623e-17     3.11601e-17     -2.68686e-17     0.0657004     1.23222e-16     1.18122e-17     -1.97398e-06     -9.0752e-07     6.71906e-17     -1.26731e-19     -3.95743e-17     -1.68848e-06     -1.79085e-06     8.20072e-07     0.0467761     7.69096e-17     -0.00360206     1.02969e-18     1.66115e-17     0.0615075     7.93345e-17     0.0327958     0.00338175     -4.36374e-17     -1.03417e-16     1.1195e-17     -3.54379e-17     -3.58969e-17     -4.37739e-07     0.00745901     0.00403735     1.55708e-18     5.11024e-17     -2.4577e-06     0.0409848     -2.52801e-06     3.0019e-07     1.62686e-17     1.31698e-16     3.64812e-18     -2.36972e-17     4.2764e-18     4.04309e-17     -3.59751e-06     -9.73435e-07     2.70196e-07     0.011451     -1.51349e-06     -4.83756e-08     1.08224e-16     3.02513e-16     -4.22903e-17     2.56683e-17     -3.94546e-17     1.0698e-16     0.00887585     -1.80301e-16     -0.00645167     0.0166095     0.0210835     1.23199e-17     0.0041172     -0.00992201     0.0262827     -1.35109e-06     0.047925     -4.55069e-06     4.22359e-07     -5.08543e-17     0.0115342     1.69087e-17     -1.90866e-06     2.02105e-07     3.153e-07     1.83236e-16     -6.56195e-18     0.00397723     3.59518e-07     -1.37565e-17     -2.96602e-06     
-1.55894e-17     -2.52457e-18     3.54401e-17     -1.5158e-17     -1.07931e-16     -2.52231e-16     1.21211e-20     3.72931e-17     1.96935e-19     -1.52286e-17     -1.8642e-17     -3.87919e-17     4.18646e-17     1.48235e-17     1.29071e-18     7.79032e-17     -5.53134e-17     1.24284e-17     1.10363e-18     1.61402e-16     1.52601e-18     -4.6281e-19     9.59443e-19     1.23222e-16     7.9075e-19     1.93843e-18     -7.54468e-17     -4.71213e-17     1.36571e-18     -3.25187e-19     5.38766e-19     8.34738e-17     -5.92064e-17     4.13512e-17     -2.84382e-17     8.10497e-19     9.65403e-17     6.49224e-20     8.60829e-19     1.68908e-16     -2.76007e-18     -5.53619e-17     2.71847e-16     3.8145e-19     4.01028e-18     -2.86044e-18     4.10279e-19     -3.39503e-18     1.96393e-16     -5.51178e-17     -9.49258e-17     -1.28171e-18     1.90517e-18     5.54084e-17     6.39417e-17     -1.79652e-16     1.98013e-16     2.06272e-18     1.49946e-18     8.39914e-20     -2.52015e-18     -8.57361e-19     2.33678e-18     -1.00063e-16     -6.68562e-17     8.85172e-17     1.98982e-17     -1.12643e-17     -2.71604e-16     6.00855e-19     1.47487e-18     -1.90278e-19     2.52536e-18     1.87021e-18     -1.15482e-18     -9.22354e-17     3.23584e-18     7.56011e-17     1.30779e-17     3.57832e-16     6.18301e-19     -2.65796e-17     2.90504e-17     4.34068e-17     -9.77342e-17     -2.43486e-17     3.16333e-17     -1.82264e-16     -2.77773e-18     -1.48715e-17     -2.12798e-19     -4.13722e-18     1.56289e-16     -6.15697e-17     -6.10706e-19     1.64789e-19     -7.08252e-17     -1.07517e-16     -1.30193e-18     -2.62049e-18     
